                                       %               %               %
                                mensajes        mensajes        mensajes
                                alterado        alterado        alterado
   n + k               p                     y corregido  y no corregido
 --------         ------       ---------    ------------  --------------
   4 + 3          0.1000          0.5660          0.1870          0.3790
   4 + 3          0.0100          0.0590          0.0220          0.0370
   4 + 3          0.0010          0.0080          0.0040          0.0040
  11 + 4          0.1000          0.8000          0.0720          0.7280
  11 + 4          0.0100          0.1360          0.0220          0.1140
  11 + 4          0.0010          0.0200          0.0040          0.0160
  26 + 5          0.1000          0.9550          0.0290          0.9260
  26 + 5          0.0100          0.2660          0.0450          0.2210
  26 + 5          0.0010          0.0310          0.0080          0.0230
  57 + 6          0.1000          0.9960          0.0010          0.9950
  57 + 6          0.0100          0.4730          0.0410          0.4320
  57 + 6          0.0010          0.0770          0.0110          0.0660
 120 + 7          0.1000          1.0000          0.0000          1.0000
 120 + 7          0.0100          0.7160          0.0370          0.6790
 120 + 7          0.0010          0.1220          0.0110          0.1110
 247 + 8          0.1000          1.0000          0.0000          1.0000
 247 + 8          0.0100          0.9210          0.0120          0.9090
 247 + 8          0.0010          0.2390          0.0190          0.2200
 502 + 9          0.1000          1.0000          0.0000          1.0000
 502 + 9          0.0100          0.9940          0.0020          0.9920
 502 + 9          0.0010          0.4110          0.0190          0.3920


NUMERO DE INTERACIONES = 1000